[id][cost,state,father_id,action,depth,h,value]
[0][0,(7, 7),None,None,0,8,8]
[2][2,(8, 7),0,S,1,9,9]
[9][4,(8, 6),2,O,2,8,8]
[12][6,(8, 5),9,O,3,7,7]
[39][9,(8, 4),12,O,4,6,6]
[42][11,(8, 3),39,O,5,7,7]
[46][15,(8, 2),42,O,6,8,8]
[49][18,(8, 1),46,O,7,9,9]
[51][20,(8, 0),49,O,8,10,10]
[52][21,(7, 0),51,N,9,9,9]
[54][25,(6, 0),52,N,10,8,8]
[57][29,(6, 1),54,E,11,7,7]
[59][30,(5, 1),57,N,12,6,6]
[63][32,(5, 0),59,O,13,7,7]
[67][35,(4, 0),63,N,14,6,6]
[69][37,(3, 0),67,N,15,5,5]
[71][41,(2, 0),69,N,16,4,4]
[73][42,(2, 1),71,E,17,3,3]
[75][46,(2, 2),73,E,18,2,2]
[78][47,(3, 2),75,S,19,3,3]
[84][49,(3, 3),78,E,20,2,2]
[86][50,(3, 4),84,E,21,1,1]
[89][53,(2, 4),86,N,22,0,0]